16	210	1	0.87732
16	915	1	0.89142
16	466	1	0.38209
16	226	1	0.96463
16	96	1	0.62976
16	517	1	0.90943
16	713	1	0.99087
16	416	1	0.77413
16	474	1	0.81463
16	846	1	0.89548
16	534	1	0.71939
16	177	1	0.78623
16	585	1	0.58612
16	35	1	0.78541
16	215	1	0.90834
16	452	1	0.82036
16	349	1	0.80227
16	369	1	0.89282
16	503	1	0.91936
16	14	1	0.85682
16	219	1	0.88918
16	432	1	0.97007
16	806	1	0.59352
16	981	1	0.59184
16	532	1	0.65456
16	943	1	0.77359
16	165	1	0.83958
16	385	1	0.59566
16	982	1	0.65924
16	964	1	0.69241
16	470	1	0.60714
16	115	1	0.58391
16	988	1	0.79108
16	854	1	0.92018
16	383	1	0.81741
16	292	1	0.5872
16	787	1	0.80774
16	313	1	0.82737
16	595	1	0.88381
16	201	1	0.87794
16	499	1	0.80022
16	892	1	0.61009
16	374	1	0.75858
16	350	1	0.52202
16	280	1	0.66753
16	446	1	0.87118
16	798	1	0.86925
16	72	1	0.69711
16	692	1	0.87915
16	39	1	0.86297
16	4	1	0.81552
16	589	1	0.84257
16	333	1	0.90956
16	747	1	0.61147
16	94	1	0.86677
16	634	1	0.99631
16	356	1	0.69974
16	604	1	0.86178
16	129	1	0.84515
16	105	1	0.66029
16	103	1	0.88582
16	925	1	0.82885
16	80	1	0.81757
16	170	1	0.68881
16	655	1	0.89011
16	345	1	0.68903
16	665	1	0.98364
16	322	1	0.79782
16	117	1	0.88929
16	381	1	0.66237
16	60	1	0.8814
16	1000	1	0.60148
16	810	1	0.88224
16	922	1	0.60329
16	724	1	0.82319
16	694	1	0.80813
16	240	1	0.99658
16	243	1	0.87823
16	278	1	0.8134
16	104	1	0.70791
16	762	1	0.97794
16	867	1	0.72235
16	155	1	0.89163
16	302	1	0.59547
16	317	1	0.86169
16	901	1	0.88566
16	797	1	0.60368
16	401	1	0.89251
16	636	1	0.74643
16	342	1	0.78317
16	757	1	0.65449
16	820	1	0.9825
16	734	1	0.87592
16	639	1	0.86451
16	559	1	0.62801
16	396	1	0.87888
16	838	1	0.81322
16	160	1	0.49205
16	976	1	0.85838
16	42	1	0.68063
16	478	1	0.55845
16	492	1	0.81876
16	469	1	0.80633
16	567	1	0.85377
16	141	1	0.87983
16	282	1	0.57787
16	780	1	0.80357
16	346	1	0.81014
16	216	1	0.8877
16	719	1	0.78461
16	111	1	0.77257
16	56	1	0.82753
16	107	1	0.60916
16	66	1	0.86491
16	208	1	0.85885
16	756	1	0.99343
16	738	1	0.8602
16	448	1	0.62235
16	404	1	0.77252
16	893	1	0.8141
16	67	1	0.89176
16	48	1	0.86002
16	885	1	0.89254
16	609	1	0.7748
16	351	1	0.8566
16	513	1	0.76546
16	247	1	0.87347
16	128	1	0.79983
16	200	1	0.86962
16	116	1	0.88803
16	324	1	0.79121
16	252	1	0.90575
16	760	1	0.8843
16	759	1	0.88515
16	761	1	0.98438
16	511	1	0.78839
16	973	1	0.72898
16	839	1	0.88467
16	708	1	0.83394
16	606	1	0.87535
16	836	1	0.59236
16	959	1	0.88466
16	36	1	0.87057
16	491	1	0.6965
16	213	1	0.84438
16	598	1	0.77106
16	994	1	0.88465
16	855	1	0.67901
16	255	1	0.97751
16	436	1	0.81045
16	209	1	0.86767
16	507	1	0.874
16	524	1	0.83212
16	269	1	0.99008
16	159	1	0.79379
16	430	1	0.979
16	497	1	0.80902
16	304	1	0.77331
16	465	1	0.88459
16	801	1	0.57292
16	872	1	0.87817
16	857	1	0.87438
16	191	1	0.88913
16	576	1	0.84567
16	865	1	0.86192
16	934	1	0.88858
16	969	1	0.88702
16	592	1	0.72541
16	602	1	0.82904
16	953	1	0.78245
16	458	1	0.97639
16	685	1	0.80179
16	752	1	0.87954
16	372	1	0.77387
16	557	1	0.89349
16	367	1	0.70701
16	311	1	0.86393
16	817	1	0.98724
16	869	1	0.93255
16	53	1	0.72654
16	827	1	0.70145
16	531	1	0.88413
16	796	1	0.87111
16	459	1	0.88928
16	792	1	0.72076
16	618	1	0.79948
16	198	1	0.86721
16	190	1	0.88286
16	146	1	0.79772
16	12	1	0.80791
16	853	1	0.88692
16	204	1	0.88622
16	59	1	0.96647
16	965	1	0.80834
16	900	1	0.86146
16	330	1	0.99362
16	775	1	0.88461
16	698	1	0.84764
16	774	1	0.89991
16	667	1	0.8801
16	726	1	0.87989
16	591	1	0.8903
16	100	1	0.99571
16	823	1	0.87243
16	870	1	0.80823
16	616	1	0.5795
16	948	1	0.68912
16	480	1	0.63956
16	390	1	0.79542
16	963	1	0.87834
16	412	1	0.99422
16	942	1	0.9848
16	421	1	0.88371
16	142	1	0.8741
16	85	1	0.97094
16	498	1	0.74953
16	222	1	0.88668
16	285	1	0.88093
16	232	1	0.69222
16	956	1	0.85434
16	537	1	0.88438
16	705	1	0.877
16	455	1	0.71344
16	851	1	0.81452
16	856	1	0.8859
16	439	1	0.78547
16	289	1	0.88364
16	263	1	0.63313
16	909	1	0.79243
16	241	1	0.77483
16	290	1	0.99676
16	822	1	0.73262
16	689	1	0.79175
16	850	1	0.79306
16	47	1	0.99123
16	400	1	0.89467
16	298	1	0.86633
16	261	1	0.86491
16	946	1	0.68539
16	428	1	0.86699
16	359	1	0.81897
16	70	1	0.82537
16	516	1	0.78034
16	654	1	0.84413
16	581	1	0.95343
16	749	1	0.49809
16	830	1	0.88718
16	883	1	0.90911
16	927	1	0.83376
16	5	1	0.78036
16	781	1	0.88347
16	921	1	0.88353
16	415	1	0.97805
16	607	1	0.80785
16	366	1	0.8972
16	81	1	0.89306
16	949	1	0.87035
16	236	1	0.86515
16	454	1	0.75487
16	44	1	0.89727
16	913	1	0.69349
16	358	1	0.78263
16	918	1	0.99367
16	420	1	0.90499
16	414	1	0.87153
16	718	1	0.88413
16	707	1	0.98793
16	577	1	0.58089
16	102	1	0.88446
16	772	1	0.88425
16	483	1	0.8112
16	462	1	0.87398
16	419	1	0.80506
16	624	1	0.6093
16	154	1	0.9965
16	408	1	0.67007
16	727	1	0.79563
16	999	1	0.79347
16	445	1	0.78966
16	716	1	0.7811
16	790	1	0.87272
16	183	1	0.88006
16	131	1	0.71739
16	600	1	0.86815
16	652	1	0.9012
16	307	1	0.8834
16	321	1	0.84453
16	754	1	0.87964
16	558	1	0.72038
16	338	1	0.90182
16	659	1	0.89779
16	264	1	0.89777
16	993	1	0.58781
16	601	1	0.97717
16	561	1	0.68729
16	871	1	0.50734
16	506	1	0.54785
16	725	1	0.79014
16	570	1	0.8135
16	433	1	0.89067
16	686	1	0.86803
16	931	1	0.78248
16	515	1	0.87941
16	562	1	0.82796
16	704	1	0.87564
16	569	1	0.77736
16	16	1	0.88708
16	95	1	0.81606
16	840	1	0.87011
16	998	1	0.89912
16	703	1	0.99607
16	966	1	0.87245
16	75	1	0.83958
16	928	1	0.88429
16	487	1	0.87386
16	479	1	0.76974
16	709	1	0.89285
16	590	1	0.69819
16	512	1	0.81456
16	249	1	0.90026
16	449	1	0.7932
16	114	1	0.83054
16	679	1	0.80266
16	394	1	0.87115
16	306	1	0.62859
16	985	1	0.87527
16	110	1	0.87439
16	681	1	0.76279
16	238	1	0.63491
16	714	1	0.89331
16	821	1	0.79137
16	819	1	0.88576
16	362	1	0.88842
16	596	1	0.89467
16	889	1	0.79124
16	941	1	0.90308
16	902	1	0.99399
16	560	1	0.95005
16	380	1	0.81643
16	325	1	0.86675
16	835	1	0.88693
16	677	1	0.69723
16	99	1	0.88139
16	417	1	0.84321
16	588	1	0.89798
16	543	1	0.88073
16	720	1	0.68385
16	178	1	0.639
16	288	1	0.63972
16	337	1	0.64257
16	995	1	0.9641
16	538	1	0.80642
16	954	1	0.92074
16	283	1	0.78298
16	230	1	0.79008
16	227	1	0.87518
16	552	1	0.88869
16	907	1	0.70458
16	297	1	0.97737
16	879	1	0.53423
16	594	1	0.8771
16	82	1	0.89116
16	917	1	0.80065
16	32	1	0.86142
16	11	1	0.8581
16	668	1	0.87917
16	274	1	0.97509
16	13	1	0.88626
16	450	1	0.82049
16	638	1	0.62878
16	157	1	0.88487
16	140	1	0.92381
16	896	1	0.95353
16	680	1	0.866
16	331	1	0.7844
16	783	1	0.86575
16	826	1	0.90358
16	615	1	0.90186
16	409	1	0.86227
16	895	1	0.87558
16	584	1	0.92694
16	149	1	0.60107
16	76	1	0.88431
16	807	1	0.79181
16	205	1	0.99062
16	341	1	0.83074
16	106	1	0.42399
16	20	1	0.5709
16	335	1	0.88956
16	64	1	0.89487
16	211	1	0.7074
16	556	1	0.64242
16	539	1	0.86004
16	10	1	0.87008
16	84	1	0.7998
16	398	1	0.7979
16	693	1	0.99175
16	189	1	0.99579
16	739	1	0.89298
16	418	1	0.87091
16	174	1	0.90006
16	991	1	0.78301
16	368	1	0.77955
16	444	1	0.74854
16	763	1	0.8179
16	248	1	0.75194
16	920	1	0.47723
16	376	1	0.66913
16	533	1	0.89698
16	550	1	0.87606
16	542	1	0.88674
16	43	1	0.88063
16	700	1	0.69198
16	402	1	0.81609
16	776	1	0.88631
16	108	1	0.8757
16	405	1	0.88631
16	972	1	0.82415
16	944	1	0.77189
16	662	1	0.89051
16	975	1	0.87852
16	382	1	0.79974
16	682	1	0.98119
16	768	1	0.77295
16	623	1	0.87891
16	188	1	0.89197
16	301	1	0.78713
16	849	1	0.96686
16	650	1	0.87804
16	852	1	0.7315
16	119	1	0.88641
16	353	1	0.98013
16	73	1	0.81785
16	794	1	0.62333
16	750	1	0.86427
16	535	1	0.96877
16	260	1	0.80993
16	815	1	0.87883
16	21	1	0.69875
16	906	1	0.76767
16	808	1	0.79596
16	127	1	0.98827
16	688	1	0.72983
16	361	1	0.71861
16	494	1	0.94233
16	425	1	0.88425
16	791	1	0.89038
16	63	1	0.9036
16	443	1	0.97317
16	181	1	0.87557
16	903	1	0.79445
16	986	1	0.78838
16	250	1	0.96597
16	37	1	0.875
16	15	1	0.86216
16	61	1	0.8902
16	456	1	0.67541
16	886	1	0.78554
16	632	1	0.57231
16	427	1	0.8133
16	8	1	0.88696
16	33	1	0.88514
16	873	1	0.79892
16	87	1	0.62364
16	578	1	0.88153
16	771	1	0.71086
16	519	1	0.78245
16	683	1	0.80347
16	580	1	0.88535
16	212	1	0.88428
16	355	1	0.87825
16	740	1	0.8339
16	137	1	0.87764
16	947	1	0.88972
16	648	1	0.9843
16	348	1	0.80495
16	587	1	0.84846
16	220	1	0.97052
16	182	1	0.71783
16	610	1	0.9944
16	151	1	0.84609
16	548	1	0.88986
16	825	1	0.87925
16	138	1	0.88395
16	502	1	0.87695
16	914	1	0.82794
16	617	1	0.86421
16	319	1	0.7694
16	473	1	0.8826
16	389	1	0.88973
16	136	1	0.88204
16	65	1	0.79982
16	565	1	0.98334
16	555	1	0.86907
16	741	1	0.45843
16	745	1	0.78937
16	98	1	0.57713
16	309	1	0.8913
16	150	1	0.87802
16	196	1	0.87762
16	168	1	0.82173
16	328	1	0.88397
16	373	1	0.78666
16	186	1	0.69484
16	270	1	0.86843
16	962	1	0.89095
16	795	1	0.72389
16	564	1	0.89268
16	582	1	0.64106
16	696	1	0.88452
16	748	1	0.76981
16	661	1	0.86867
16	281	1	0.79207
16	520	1	0.70008
16	305	1	0.69526
16	244	1	0.69593
16	194	1	0.86812
16	637	1	0.8843
16	24	1	0.65108
16	77	1	0.87143
16	813	1	0.88579
16	134	1	0.57804
16	438	1	0.7936
16	525	1	0.55651
16	101	1	0.76649
16	377	1	0.87958
16	904	1	0.87366
16	695	1	0.88504
16	166	1	0.69228
16	180	1	0.45208
16	788	1	0.77576
16	643	1	0.89171
16	38	1	0.89104
16	992	1	0.89572
16	54	1	0.67007
16	926	1	0.68878
16	49	1	0.88543
16	197	1	0.98255
16	923	1	0.83191
16	687	1	0.87459
16	354	1	0.88025
16	207	1	0.8253
16	426	1	0.72724
16	842	1	0.78097
16	876	1	0.88806
16	809	1	0.88237
16	645	1	0.97549
16	583	1	0.89403
16	571	1	0.87698
16	378	1	0.8838
16	303	1	0.78648
16	18	1	0.80425
16	256	1	0.5813
16	173	1	0.8767
16	699	1	0.87999
16	262	1	0.88593
16	440	1	0.88339
16	233	1	0.76991
16	938	1	0.87382
16	112	1	0.88432
16	27	1	0.98668
16	122	1	0.88193
16	717	1	0.82234
16	630	1	0.90862
16	858	1	0.86986
16	848	1	0.8017
16	887	1	0.97011
16	527	1	0.87535
16	461	1	0.69564
16	936	1	0.54351
16	753	1	0.74504
16	251	1	0.89162
16	958	1	0.97244
16	148	1	0.8784
16	471	1	0.82336
16	360	1	0.8142
16	199	1	0.81385
16	831	1	0.81967
16	397	1	0.88362
16	778	1	0.88723
16	816	1	0.88626
16	472	1	0.88687
16	777	1	0.87185
16	641	1	0.73831
16	824	1	0.89181
16	500	1	0.70286
16	277	1	0.49674
16	967	1	0.8839
16	978	1	0.60041
16	482	1	0.85658
16	86	1	0.63032
16	371	1	0.87543
16	203	1	0.71754
16	69	1	0.72253
16	568	1	0.78744
16	320	1	0.87306
16	945	1	0.69704
16	508	1	0.8741
16	365	1	0.88569
16	46	1	0.78018
16	950	1	0.87159
16	294	1	0.70807
16	2	1	0.8837
16	326	1	0.69846
16	818	1	0.82188
16	868	1	0.88413
16	961	1	0.5376
16	271	1	0.81874
16	225	1	0.86888
16	672	1	0.52832
16	804	1	0.47544
16	206	1	0.45732
16	231	1	0.73601
16	344	1	0.7873
16	403	1	0.61394
16	811	1	0.86307
16	910	1	0.75103
16	123	1	0.86361
16	435	1	0.81992
16	702	1	0.88296
16	254	1	0.69505
16	764	1	0.61219
16	406	1	0.93525
16	620	1	0.72174
16	363	1	0.7577
16	984	1	0.81146
16	743	1	0.77585
16	523	1	0.89586
16	152	1	0.88788
16	31	1	0.88788
16	574	1	0.72985
16	803	1	0.86999
16	133	1	0.7271
16	751	1	0.87573
16	273	1	0.86371
16	990	1	0.67601
16	675	1	0.80629
16	40	1	0.83984
16	125	1	0.97191
16	214	1	0.61993
16	625	1	0.87643
16	608	1	0.70829
16	888	1	0.67932
16	379	1	0.88096
16	120	1	0.80392
16	312	1	0.87383
16	315	1	0.82065
16	132	1	0.78908
16	862	1	0.78346
16	475	1	0.84789
16	229	1	0.88358
16	769	1	0.86709
16	673	1	0.63088
16	237	1	0.84363
16	293	1	0.86174
16	814	1	0.69678
16	259	1	0.81458
16	202	1	0.90007
16	586	1	0.89326
16	767	1	0.61255
16	629	1	0.77416
16	666	1	0.88493
16	989	1	0.87268
16	929	1	0.87481
16	143	1	0.89085
16	332	1	0.86981
16	9	1	0.86324
16	737	1	0.77024
16	890	1	0.74735
16	489	1	0.75004
16	467	1	0.88083
16	611	1	0.88785
16	640	1	0.88605
16	736	1	0.88283
16	121	1	0.8222
16	940	1	0.88465
16	782	1	0.80102
16	522	1	0.87793
16	287	1	0.77005
16	613	1	0.3373
16	340	1	0.98495
16	898	1	0.88223
16	91	1	0.86888
16	882	1	0.87649
16	710	1	0.85606
16	457	1	0.80144
16	970	1	0.76554
16	789	1	0.81396
16	735	1	0.68183
16	130	1	0.61468
16	135	1	0.6667
16	546	1	0.89267
16	553	1	0.51764
16	399	1	0.81728
16	987	1	0.87799
16	308	1	0.88645
16	176	1	0.69162
16	545	1	0.61064
16	193	1	0.79759
16	343	1	0.81113
16	614	1	0.84135
16	935	1	0.87084
16	74	1	0.81463
16	631	1	0.68178
16	387	1	0.78549
16	510	1	0.87401
16	275	1	0.89769
16	246	1	0.86926
16	800	1	0.8839
16	334	1	0.97833
16	447	1	0.88257
16	697	1	0.78531
16	295	1	0.87792
16	395	1	0.60448
16	864	1	0.59018
16	832	1	0.81987
16	118	1	0.86252
16	603	1	0.56695
16	153	1	0.88497
16	627	1	0.69979
16	26	1	0.82019
16	413	1	0.8691
16	392	1	0.77148
16	92	1	0.87792
16	597	1	0.57033
16	566	1	0.48489
16	773	1	0.90408
16	884	1	0.80404
16	642	1	0.87572
16	766	1	0.79191
16	501	1	0.97371
16	837	1	0.52077
16	291	1	0.68719
16	147	1	0.89731
16	649	1	0.01453
16	861	1	0.88944
16	486	1	0.95009
16	974	1	0.8146
16	622	1	0.8037
16	549	1	0.56938
16	860	1	0.88458
16	744	1	0.77831
16	158	1	0.73343
16	660	1	0.79465
16	485	1	0.78947
16	258	1	0.87379
16	960	1	0.81609
16	484	1	0.87419
16	7	1	0.74343
16	518	1	0.89396
16	310	1	0.88267
16	799	1	0.76879
16	79	1	0.81582
16	859	1	0.77347
16	644	1	0.7145
16	1	1	0.98638
16	721	1	0.85323
16	528	1	0.8865
16	267	1	0.89705
16	593	1	0.59343
16	621	1	0.84332
16	496	1	0.81577
16	663	1	0.68973
16	314	1	0.86815
16	784	1	0.78846
16	563	1	0.81116
16	245	1	0.89408
16	300	1	0.37347
16	651	1	0.89833
16	336	1	0.82709
16	657	1	0.79415
16	628	1	0.82841
16	541	1	0.8217
16	670	1	0.57567
16	284	1	0.88401
16	242	1	0.88073
16	841	1	0.80841
16	731	1	0.86313
16	540	1	0.78265
16	224	1	0.70431
16	276	1	0.86566
16	930	1	0.87634
16	407	1	0.88748
16	952	1	0.83517
16	619	1	0.79447
16	863	1	0.78467
16	828	1	0.88719
16	894	1	0.54082
16	829	1	0.79504
16	90	1	0.81102
16	742	1	0.87721
16	977	1	0.82597
16	551	1	0.82272
16	156	1	0.774
16	453	1	0.74777
16	195	1	0.89368
16	723	1	0.89747
16	701	1	0.86594
16	514	1	0.79359
16	223	1	0.8601
16	192	1	0.82476
16	495	1	0.59964
16	97	1	0.87295
16	29	1	0.83065
16	50	1	0.88598
16	22	1	0.81746
16	971	1	0.79526
16	633	1	0.86166
16	916	1	0.86397
16	955	1	0.79419
16	572	1	0.75629
16	52	1	0.918
16	144	1	0.84466
16	62	1	0.51472
16	323	1	0.86434
16	647	1	0.6897
16	951	1	0.87108
16	51	1	0.83444
16	755	1	0.8754
16	423	1	0.73696
16	235	1	0.82369
16	431	1	0.87805
16	691	1	0.74892
16	521	1	0.87492
16	468	1	0.79291
16	375	1	0.80582
16	477	1	0.6974
16	802	1	0.79193
16	19	1	0.87342
16	980	1	0.71036
16	221	1	0.89202
16	57	1	0.79081
16	530	1	0.87405
16	370	1	0.89448
16	579	1	0.88394
16	164	1	0.80972
16	996	1	0.86449
16	715	1	0.87979
16	733	1	0.8805
16	451	1	0.79659
16	410	1	0.88406
16	299	1	0.88529
16	83	1	0.88451
16	71	1	0.79595
16	169	1	0.85575
16	881	1	0.81323
16	575	1	0.52608
16	834	1	0.84561
16	68	1	0.7846
16	162	1	0.80779
16	286	1	0.76194
16	464	1	0.8033
16	684	1	0.88266
16	126	1	0.79374
16	442	1	0.89247
16	113	1	0.77654
16	266	1	0.79867
16	124	1	0.85858
16	844	1	0.88636
16	352	1	0.86368
16	55	1	0.78628
16	599	1	0.80964
16	357	1	0.58863
16	658	1	0.88699
16	493	1	0.89141
16	785	1	0.88869
16	41	1	0.40042
16	441	1	0.84302
16	318	1	0.6771
16	674	1	0.70298
16	612	1	0.87246
16	78	1	0.88392
16	919	1	0.82261
16	228	1	0.54553
16	544	1	0.78696
16	933	1	0.88454
16	109	1	0.87951
16	874	1	0.87907
16	88	1	0.79669
16	93	1	0.68089
16	265	1	0.68704
16	161	1	0.79208
16	272	1	0.88018
16	58	1	0.66695
16	897	1	0.77439
16	932	1	0.89157
16	833	1	0.81635
16	646	1	0.77392
16	957	1	0.88304
16	911	1	0.88704
16	279	1	0.88529
16	706	1	0.75405
16	746	1	0.52138
16	770	1	0.73891
16	664	1	0.77607
16	758	1	0.78832
16	268	1	0.81981
16	422	1	0.88802
16	34	1	0.88291
16	605	1	0.89292
16	547	1	0.88453
16	179	1	0.88118
16	172	1	0.99275
16	388	1	0.73825
16	364	1	0.54707
16	476	1	0.62238
16	257	1	0.76546
16	905	1	0.88412
16	536	1	0.90022
16	899	1	0.87674
16	983	1	0.70402
16	437	1	0.88758
16	25	1	0.72669
16	526	1	0.67925
16	316	1	0.8252
16	635	1	0.83196
16	139	1	0.98032
16	386	1	0.67979
16	89	1	0.70417
16	653	1	0.58124
16	722	1	0.87564
16	908	1	0.88182
16	866	1	0.87493
16	728	1	0.89141
16	805	1	0.82294
16	463	1	0.82366
16	968	1	0.61033
16	217	1	0.88665
16	184	1	0.87643
16	554	1	0.47179
16	877	1	0.77453
16	626	1	0.81203
16	979	1	0.86212
16	460	1	0.75619
16	812	1	0.84825
16	3	1	0.97548
16	529	1	0.78584
16	671	1	0.98643
16	878	1	0.98638
16	912	1	0.81025
16	843	1	0.79249
16	711	1	0.81371
16	891	1	0.89731
16	845	1	0.83607
16	504	1	0.87515
16	880	1	0.78807
16	296	1	0.79313
16	30	1	0.86865
16	347	1	0.78886
16	732	1	0.79412
16	490	1	0.87432
16	429	1	0.80583
16	145	1	0.88399
16	218	1	0.87448
16	847	1	0.84284
16	339	1	0.81635
16	234	1	0.70196
16	393	1	0.69767
16	676	1	0.81658
16	28	1	0.72291
16	329	1	0.80905
16	793	1	0.88433
16	185	1	0.77903
16	690	1	0.87145
16	239	1	0.81448
16	937	1	0.68108
16	488	1	0.88117
16	678	1	0.59511
16	17	1	0.88348
16	327	1	0.98888
16	171	1	0.80946
16	730	1	0.59487
16	729	1	0.84127
16	187	1	0.69024
16	875	1	0.70305
16	669	1	0.88274
16	45	1	0.90911
16	924	1	0.42463
16	434	1	0.8895
16	765	1	0.6831
16	167	1	0.86741
16	997	1	0.87724
16	6	1	0.88376
16	656	1	0.59725
16	573	1	0.79192
16	163	1	0.88514
16	23	1	0.87689
16	779	1	0.88595
16	424	1	0.81828
16	505	1	0.87982
16	175	1	0.98579
16	786	1	0.81787
16	253	1	0.79306
16	384	1	0.88183
16	391	1	0.60574
16	939	1	0.88768
16	481	1	0.81255
16	712	1	0.77981
16	509	1	0.87699
16	411	1	0.87879
