1	4
2	4
3	4
4	4
5	4
6	4
7	4
8	4
9	10
10	10
11	10
12	10
13	10
14	10
15	10
16	10
17	10
18	10
19	10
20	10
21	10
22	10
23	10
24	10
25	10
26	10
27	10
28	10
29	10
30	10
31	10
32	10
33	10
34	10
35	10
36	10
37	10
38	10
39	10
40	10
41	10
42	10
43	10
44	8
45	8
46	8
47	8
48	8
49	8
50	8
51	8
52	8
53	8
54	8
55	8
56	8
57	8
58	8
59	8
60	8
61	8
62	8
63	8
64	8
65	8
66	8
67	8
68	8
69	8
70	8
71	8
72	8
73	8
74	8
75	8
76	8
77	8
78	4
79	4
80	4
81	4
82	4
83	4
84	4
85	4
86	4
87	4
88	4
89	4
90	4
91	4
92	4
93	4
94	4
95	4
96	4
97	4
98	4
99	4
100	4
101	4
102	4
103	4
104	4
105	4
106	4
107	4
108	4
109	4
110	4
111	4
112	4
113	4
114	4
115	4
116	4
117	4
118	4
119	4
120	4
121	4
122	4
123	4
124	4
125	4
126	4
127	4
128	4
129	4
130	4
131	4
132	4
133	4
134	4
135	4
136	4
137	4
138	4
139	4
140	4
141	4
142	4
143	4
144	4
145	4
146	4
147	4
148	4
149	4
150	4
151	4
152	4
153	4
154	4
155	4
156	4
157	4
158	4
159	4
160	4
161	4
162	4
163	4
164	4
165	4
166	10
167	10
168	10
169	10
170	10
171	10
172	10
173	10
174	10
175	10
176	10
177	10
178	10
179	10
180	10
181	10
182	10
183	10
184	10
185	10
186	10
187	10
188	10
189	10
190	10
191	10
192	10
193	10
194	10
195	10
196	10
197	10
198	10
199	10
200	10
201	4
202	4
203	4
204	4
205	4
206	4
207	4
208	4
209	4
210	4
211	4
212	4
213	10
214	10
215	10
216	10
217	10
218	10
219	10
220	10
221	10
222	10
223	10
224	10
225	10
226	10
227	10
228	10
229	10
230	10
231	10
232	10
233	10
234	10
235	10
236	10
237	10
238	10
239	10
240	10
241	10
242	10
243	10
244	10
245	10
246	10
247	10
248	10
249	10
250	10
251	10
252	10
253	10
254	10
255	10
256	10
257	10
258	10
259	10
260	10
261	10
262	10
263	10
264	10
265	10
266	10
267	10
268	10
269	10
270	10
271	10
272	10
273	10
274	10
275	10
276	10
277	10
278	10
279	10
280	10
281	10
282	10
283	10
284	10
285	10
286	10
287	10
288	10
289	10
290	10
291	10
292	10
293	10
294	10
295	10
296	10
297	10
298	10
299	10
300	10
301	10
302	10
303	10
304	10
305	10
306	10
307	10
308	10
309	10
310	10
311	10
312	4
313	4
314	4
315	4
316	4
317	4
318	4
319	4
320	4
321	4
322	4
323	4
324	4
325	4
326	4
327	4
328	4
329	4
330	4
331	4
332	4
333	4
334	4
335	4
336	4
337	4
338 0
339	9
340	9
341	9
342	9
343	9
344	9
345	9
346	9
347	9
348	9
349	9
350	9
351	9
352	9
353	9
354	9
355	9
356	9
357	4
358	4
359	4
360	4
361	4
362	4
363	4
364	4
365	4
366	4
367	4
368	4
369	4
370	4
371	4
372	4
373	4
374	4
375	4
376	4
377	4
378	4
379	10
380	10
381	10
382	10
383	10
384	10
385	10
386	10
387	10
388	9
389	9
390	9
391	9
392	9
393	9
394	9
395	9
396	9
397	9
398	9
399	9
400	9
401	9
402	9
403	9
404	9
405	9
406	9
407	9
408	9
409	9
410	9
411	9
412	9
413	9
414	9
415	9
416	9
417	9
418	9
419	9
420	9
421	9
422	9
423	9
424	9
425	9
426	9
427	9
428	9
429	9
430	9
431	9
432	9
433	9
434	9
435	9
436	9
437	9
438	9
439	10
440	10
441	10
442	10
443	10
444	10
445	10
446	10
447	10
448	10
449	10
450	10
451	10
452	10
453	10
454	10
455	10
456	10
457	10
458	10
459	10
460	10
461	10
462	10
463	10
464	10
465	10
466	10
467	10
468	10
469	10
470	10
471	10
472	10
473	10
474	10
475	10
476	10
477	10
478	10
479	10
480	10
481	10
482	10
483	10
484	10
485	10
486	10
487	10
488	10
489	10
490	10
491	10
492	10
493	10
494	10
495	10
496	10
497	10
498	10
499	10
500	10
501	10
502	10
503	10
504	10
505	10
506	10
507	10
508	10
509	10
510	10
511	10
512	10
513	10
514	10
515	10
516	10
517	10
518	10
519	10
520	10
521	10
522	10
523	10
524	10
525	10
526	10
527	10
528	10
529	10
530	10
531	10
532	10
533	10
534	10
535	10
536	10
537	10
538	10
539	10
540	10
541	10
542	10
543	10
544	10
545	10
546	10
547	10
548	10
549	10
550	10
551	10
552	10
553	10
554	10
555	10
556	10
557	10
558	10
559	10
560	10
561	10
562	10
563	10
564	10
565	10
566	10
567	10
568	10
569	10
570	10
571	10
572	10
573	10
574	10
575	10
576	10
577	10
578	10
579	10
580	10
581	10
582	10
583	10
584	10
585	10
586	10
587	10
588	10
589	10
590	10
591	10
592	10
593	10
594	10
595	10
596	10
597	10
598	10
599	10
600	10
601	10
602	10
603	10
604	10
605	10
606	10
607	10
608	10
609	10
610	10
611	10
612	10
613	4
614	4
615	4
616	4
617	4
618	4
619	4
620	4
621	4
622	4
623	4
624	4
625	4
626	4
627	4
628	4
629	4
630	4
631	4
632	4
633	4
634	4
635	4
636	4
637	4
638	4
639	4
640	4
641	4
642	4
643 0
644	4
645	4
646 0
647	4
648	4
649	4
650	4
651	4
652	4
653	4
654	4
655	4
656	4
657	4
658	4
659	4
660	4
661	4
662	10
663	10
664	10
665	10
666	10
667	10
668	10
669	10
670	10
671	10
672	10
673	10
674	10
675	10
676	10
677	10
678	10
679	10
680	10
681	10
682	10
683	10
684	10
685	10
686	10
687	10
688	10
689	10
690	10
691	10
692	10
693	10
694	10
695	10
696	10
697	10
698	10
699	10
700	10
701	10
702	10
703	10
704	10
705	10
706	10
707	10
708	10
709	10
710	10
711	10
712	10
713	10
714	10
715	10
716	10
717	10
718	10
719	10
720	10
721	10
722	10
723	4
724	4
725	4
726	4
727	4
728	4
729	4
730	4
731	4
732	4
733 0
734	4
735	4
736	4
737	4
738	4
739	4
740	4
741	4
742	4
743	4
744	4
745	4
746	9
747	9
748	9
749	9
750	9
751	9
752	9
753	9
754	9
755	9
756	9
757	9
758	9
759	9
760	9
761	9
762	9
763	9
764	9
765	9
766	9
767	9
768	9
769	9
770	9
771	9
772	9
773	9
774	9
775	8
776	8
777	8
778	8
779	10
780	10
781	10
782	10
783	10
784	10
785	10
786	10
787	10
788	10
789	10
790	9
791	9
792	9
793	9
794	9
795	9
796	9
797	9
798	9
799	9
800	8
801	8
802	8
803	8
804	8
805	8
806	8
807	8
808	8
809	8
810	9
811	9
812	9
813	9
814	9
815	9
816	9
817	9
818	9
819	9
820	9
821	9
822	9
823	9
824	9
825	9
826	9
827	4
828	4
829	4
830	4
831	4
832	4
833	4
834	4
835	4
836	4
837	9
838	9
839	9
840	9
841	9
842	9
843	9
844	9
845	9
846	9
847	9
848	9
849	9
850	9
851	9
852	9
853	8
854	8
855	8
856	8
857	8
858	8
859	8
860	8
861	8
862	8
863	8
864	8
865	8
866	8
867	8
868	8
869	8
870	8
871	8
872	8
873	8
874	8
875	8
876	8
877	8
878	8
879	8
880	8
881	8
882	8
883	8
884	8
885	8
886	8
887	8
888	8
889	8
890	8
891	8
892	8
893	9
894	9
895	9
896	9
897	9
898	9
899	9
900	8
901	8
902	8
903	8
904	8
905	8
906	8
907	8
908	8
909	8
910	8
911	8
912	8
913	8
914	8
915	8
916	8
917	8
918	8
919	8
920	8
921	8
922	8
923	8
924	8
925	8
926	8
927	8
928	8
929	8
930	8
931	8
932	8
933	8
934	8
935	8
936	8
937	8
938	8
939	8
940	8
941	8
942	8
943	8
944	8
945	8
946	9
947	9
948	9
949	9
950	9
951	9
952	9
953	9
954	9
955	8
956	8
957	8
958	8
959	8
960	8
961	8
962	8
963	8
964	8
965	8
966	8
967	8
968	8
969	8
970	8
971	8
972	8
973	8
974	8
975	8
976	8
977	8
978	8
979	8
980	8
981	8
982	8
983	8
984	8
985	8
986	8
987	8
988	8
989	8
990	8
991	8
992	8
993	8
994	8
995	8
996	8
997	8
998	8
999	8
1000	8
1001	8
1002	8
1003	8
1004	8
1005	8
1006	8
1007	8
1008	8
1009	8
1010	8
1011	8
1012	8
1013	8
1014	8
1015	8
1016	8
1017	8
1018	8
1019	8
1020	8
1021	9
1022	9
1023	9
1024	9
1025	9
1026	9
1027	9
1028	9
1029	9
1030	9
1031	9
1032	9
1033	9
1034	9
1035	9
1036	9
1037	9
1038	9
1039	9
1040	9
1041	9
1042	9
1043	10
1044	10
1045	10
1046	10
1047	10
1048	10
1049	10
1050	9
1051	9
1052	10
1053	10
1054	10
1055	10
1056	10
1057	10
1058	10
1059	9
1060	9
1061	9
1062	9
1063	9
1064	9
1065	9
1066	9
1067	9
1068	9
1069	9
1070	9
1071	9
1072	9
1073	9
1074	9
1075	9
1076	9
1077	9
1078	9
1079	9
1080	9
1081	9
1082	9
1083	9
1084	10
1085	10
1086	10
1087	10
1088	10
1089	10
1090	10
1091	10
1092	10
1093	10
1094	10
1095	10
1096	10
1097	10
1098	10
1099	10
1100	10
1101	10
1102	10
1103	10
1104	10
1105	10
1106	10
1107	10
1108	10
1109	10
1110	10
1111	10
1112	10
1113	10
1114	10
1115	10
1116	10
1117	10
1118	10
1119	10
1120	10
1121	10
1122	10
1123	10
1124	10
1125	10
1126	10
1127	10
1128	10
1129	10
1130	10
1131	9
1132	9
1133	9
1134	9
1135	9
1136	9
1137	9
1138	8
1139	8
1140	8
1141	8
1142	8
1143	8
1144	8
1145	8
1146	8
1147	8
1148	8
1149	8
1150	9
1151	9
1152	9
1153	9
1154	9
1155	9
1156	9
1157	9
1158	9
1159	9
1160	9
1161	9
1162	9
1163	9
1164	9
1165	9
1166	9
1167	9
1168	9
1169	9
1170	9
1171	9
1172	9
1173	9
1174	9
1175	9
1176	9
1177	9
1178	9
1179	9
1180	9
1181	9
1182	9
1183	9
1184	9
1185	9
1186	9
1187	9
1188	9
1189	8
1190	8
1191	8
1192	8
1193	8
1194	8
1195	8
1196	8
1197	8
1198	9
1199	9
1200	9
1201	9
1202	9
1203	8
1204	8
1205	8
1206	8
1207	8
1208	8
1209	8
1210	8
1211	8
1212	8
1213	8
1214	8
1215	8
1216	9
1217	9
1218	8
1219	8
1220	8
1221	8
1222	8
1223	8
1224	8
1225	8
1226	8
1227	8
1228	8
1229	8
1230	4
1231	4
1232	4
1233	4
1234	4
1235	8
1236	8
1237	8
1238	8
1239	8
1240	8
1241	8
1242	8
1243	8
1244	8
1245	8
1246	8
1247	8
1248	8
1249	8
1250	8
1251	4
1252	4
1253	4
1254	4
1255	4
1256	4
1257	4
1258	4
1259	4
1260	4
1261	4
1262	4
1263	4
1264	4
1265	4
1266	4
1267	4
1268	4
1269	4
1270	4
1271	4
1272	4
1273	4
1274	4
1275	9
1276	9
1277	9
1278	9
1279	9
1280	9
1281	9
1282	9
1283	9
1284	9
1285	9
1286	9
1287	9
1288	9
1289	9
1290	9
1291	9
1292	9
1293	9
1294	9
1295	9
1296	9
1297	9
1298	9
1299	9
1300	9
1301	9
1302	9
1303	9
1304	9
1305	9
1306	9
1307	8
1308	8
1309	8
1310	8
1311	8
1312	8
1313	8
1314	8
1315	8
1316	8
1317	8
1318	8
1319	8
1320	8
1321	8
1322	8
1323	8
1324	8
1325	8
1326	8
1327	8
1328	8
1329	8
1330	8
1331	8
1332	8
1333	8
1334	8
1335	9
1336	8
1337	8
1338	8
1339	4
1340	4
1341	8
1342	9
1343	9
1344	9
1345	9
1346	9
1347	9
1348	9
1349	9
1350	9
1351	9
1352	9
1353	9
1354	9
1355	9
1356	9
1357	9
1358	9
1359	9
1360	9
1361	9
1362	9
1363	9
1364	9
1365	9
1366	9
1367	8
1368	8
1369	8
1370	8
1371	8
1372	8
1373	8
1374	8
1375	8
1376	8
1377	8
1378	8
1379	8
1380	8
1381	8
1382	8
1383	8
1384	8
1385	8
1386	8
1387	4
1388	9
1389	9
1390	9
1391	9
1392	9
1393	8
1394	8
1395	8
1396	8
1397	8
1398	8
1399	8
1400	8
1401	8
1402	8
1403	8
1404	9
1405	9
1406	9
1407	9
1408	9
1409	8
1410	8
1411	8
1412	9
1413	9
1414	9
1415	9
1416	8
1417	8
1418	8
1419	8
1420	8
1421	8
1422	8
1423	8
1424	9
1425	9
1426	9
1427	9
1428	8
1429	8
1430	8
1431	8
1432	8
1433	8
1434	8
1435	8
1436	8
1437	8
1438	8
1439	8
1440	8
1441	8
1442	9
1443	9
1444	9
1445	9
1446	9
1447	8
1448	8
1449	8
1450	8
1451	8
1452	2
1453	2
1454	2
1455	2
1456	2
1457	2
1458	2
1459	2
1460	2
1461	2
1462	2
1463	2
1464	2
1465	2
1466	2
1467	2
1468	2
1469	2
1470	2
1471	2
1472	2
1473	2
1474	2
1475	2
1476	2
1477	2
1478	2
1479	2
1480	2
1481	2
1482	2
1483	2
1484	2
1485	2
1486	2
1487	2
1488	2
1489	2
1490	2
1491	2
1492	2
1493	2
1494	2
1495	2
1496	2
1497	2
1498	2
1499	2
1500	2
1501	2
1502	2
1503	2
1504	2
1505	2
1506	2
1507	2
1508	2
1509	2
1510	2
1511	2
1512	2
1513	2
1514	2
1515	2
1516	2
1517	2
1518	2
1519	2
1520	2
1521	2
1522	2
1523	2
1524	2
1525	2
1526	2
1527	2
1528	2
1529	2
1530	2
1531	2
1532	2
1533	2
1534	2
1535	2
1536	2
1537	2
1538	2
1539	2
1540	2
1541	2
1542	2
1543	2
1544	2
1545	2
1546	2
1547	2
1548	2
1549	2
1550	2
1551	6
1552	6
1553	6
1554	6
1555	6
1556	6
1557	6
1558	6
1559	6
1560	6
1561	6
1562	6
1563	6
1564	6
1565	6
1566	6
1567	6
1568	6
1569	6
1570	6
1571	6
1572	6
1573	6
1574	6
1575	6
1576	6
1577	6
1578	6
1579	6
1580	6
1581	6
1582	6
1583	6
1584	6
1585	6
1586	6
1587	6
1588	6
1589	6
1590	6
1591	12
1592	12
1593	12
1594	12
1595	12
1596	12
1597	12
1598	12
1599	12
1600	12
1601	12
1602	12
1603	12
1604	12
1605	12
1606	12
1607	12
1608	12
1609	12
1610	12
1611	12
1612	12
1613	12
1614	12
1615	12
1616	12
1617	12
1618	12
1619	12
1620	12
1621	12
1622	12
1623	12
1624	12
1625	12
1626	12
1627	12
1628	12
1629	12
1630	12
1631	12
1632	12
1633	0
1634	3
1635	3
1636	3
1637	3
1638	3
1639	3
1640	3
1641	3
1642	3
1643	3
1644	3
1645	3
1646	3
1647	3
1648	3
1649	3
1650	3
1651	3
1652	3
1653	3
1654	3
1655	3
1656	3
1657	3
1658	3
1659	3
1660	3
1661	3
1662	3
1663	3
1664	3
1665	3
1666	3
1667	3
1668	3
1669	3
1670	3
1671	3
1672	3
1673	3
1674	3
1675	3
1676	3
1677	3
1678	3
1679	3
1680	2
1681	2
1682	2
1683	2
1684	2
1685	2
1686	2
1687	2
1688	2
1689	2
1690	2
1691	2
1692	2
1693	2
1694	2
1695	2
1696	2
1697	2
1698	2
1699	2
1700	2
1701	2
1702	2
1703	2
1704	2
1705	2
1706	2
1707	2
1708	2
1709	2
1710	2
1711	2
1712	2
1713	2
1714	2
1715	2
1716	2
1717	2
1718	2
1719	2
1720	2
1721	2
1722	2
1723	2
1724	2
1725	2
1726	2
1727	2
1728	2
1729	2
1730	2
1731	2
1732	2
1733	2
1734	2
1735	2
1736	2
1737	2
1738	2
1739	2
1740	2
1741	2
1742	2
1743	2
1744	2
1745	2
1746	2
1747	2
1748	2
1749	2
1750	2
1751	2
1752	2
1753	2
1754	2
1755	2
1756	2
1757	2
1758	2
1759	2
1760	2
1761	2
1762	2
1763	2
1764	2
1765	2
1766	2
1767	2
1768	2
1769	2
1770	2
1771	2
1772	2
1773	2
1774	2
1775	2
1776	2
1777	2
1778	2
1779	2
1780	2
1781	2
1782	2
1783	2
1784	2
1785	2
1786	2
1787	2
1788	2
1789	3
1790	3
1791	3
1792	3
1793	3
1794	3
1795	3
1796	3
1797	3
1798	3
1799	3
1800	3
1801	3
1802	3
1803	3
1804	3
1805	3
1806	3
1807	3
1808	3
1809	3
1810	3
1811	3
1812	3
1813	3
1814	3
1815	3
1816	3
1817	3
1818	3
1819	3
1820	3
1821	3
1822	3
1823	3
1824	3
1825	3
1826	3
1827	3
1828	3
1829	3
1830	3
1831	3
1832	3
1833	3
1834	3
1835	3
1836	3
1837	3
1838	3
1839	3
1840	3
1841	3
1842	3
1843	3
1844	3
1845	3
1846	3
1847	3
1848	3
1849	3
1850	3
1851	3
1852	3
1853	3
1854	3
1855	3
1856	3
1857	3
1858	3
1859	3
1860	3
1861	3
1862	3
1863	3
1864	3
1865	3
1866	3
1867	3
1868	3
1869	3
1870	3
1871	3
1872	3
1873	3
1874	3
1875	3
1876	3
1877	3
1878	3
1879	3
1880	3
1881	3
1882	3
1883	3
1884	3
1885	3
1886	3
1887	3
1888	3
1889	3
1890	3
1891	3
1892	3
1893	3
1894	3
1895	3
1896	3
1897	3
1898	3
1899	3
1900	3
1901	3
1902	3
1903	3
1904	3
1905	3
1906	3
1907	3
1908	3
1909	3
1910	3
1911	3
1912	3
1913	3
1914	3
1915	3
1916	3
1917	3
1918	3
1919	3
1920	3
1921	3
1922	3
1923	3
1924	3
1925	3
1926	3
1927	3
1928	3
1929	3
1930	3
1931	3
1932	3
1933	3
1934	3
1935	3
1936	3
1937	3
1938	3
1939	3
1940	3
1941	3
1942	3
1943	3
1944	3
1945	3
1946	3
1947	3
1948	3
1949	3
1950	3
1951	3
1952	3
1953	3
1954	3
1955	3
1956	3
1957	3
1958	3
1959	3
1960	7
1961	7
1962	7
1963	7
1964	7
1965	7
1966	7
1967	7
1968	7
1969	7
1970	7
1971	7
1972	7
1973	7
1974	7
1975	7
1976	7
1977	7
1978	7
1979	7
1980	7
1981	7
1982	7
1983	7
1984	7
1985	7
1986	7
1987	7
1988	7
1989	7
1990	7
1991	7
1992	7
1993	7
1994	7
1995	7
1996	7
1997	7
1998	7
1999	7
2000	7
2001	7
2002	7
2003	7
2004	7
2005	7
2006	7
2007	7
2008	7
2009	7
2010	7
2011	7
2012	7
2013	7
2014	7
2015	7
2016	7
2017	7
2018	7
2019	7
2020	7
2021	7
2022	7
2023	7
2024	7
2025	7
2026	7
2027	7
2028	7
2029	7
2030	7
2031	7
2032	7
2033	7
2034	7
2035	7
2036	7
2037	7
2038	7
2039	7
2040	7
2041	7
2042	7
2043	7
2044	7
2045	7
2046	7
2047	7
2048	7
2049	7
2050	7
2051	7
2052	7
2053	7
2054	7
2055	7
2056	7
2057	7
2058	7
2059	7
2060	7
2061	7
2062	7
2063	7
2064	7
2065	7
2066	7
2067	7
2068	7
2069	7
2070	7
2071	7
2072	7
2073	7
2074	7
2075	7
2076	7
2077	7
2078	7
2079	7
2080	7
2081	7
2082	7
2083	7
2084	7
2085	7
2086	7
2087	7
2088	7
2089	7
2090	7
2091	7
2092	7
2093	7
2094	7
2095	7
2096	7
2097	7
2098	7
2099	7
2100	7
2101	7
2102	7
2103	7
2104	7
2105	7
2106	7
2107	7
2108	7
2109	7
2110	7
2111	7
2112	7
2113	7
2114	7
2115	7
2116	7
2117	7
2118	7
2119	7
2120	7
2121	7
2122	7
2123	7
2124	7
2125	7
2126	7
2127	7
2128	7
2129	7
2130	7
2131	7
2132	7
2133	7
2134	7
2135	7
2136	7
2137	7
2138	7
2139	7
2140	7
2141	7
2142	7
2143	7
2144	7
2145	7
2146	7
2147	7
2148	7
2149	7
2150	7
2151	7
2152	7
2153	7
2154	7
2155	7
2156	7
2157	2
2158	2
2159	2
2160	2
2161	2
2162	2
2163	2
2164	2
2165	2
2166	2
2167	2
2168	2
2169	2
2170	2
2171	2
2172	2
2173	2
2174	2
2175	2
2176	2
2177	2
2178	2
2179	2
2180	2
2181	2
2182	2
2183	2
2184	3
2185	3
2186	3
2187	3
2188	3
2189	3
2190	3
2191	3
2192	3
2193	3
2194	3
2195	11
2196	11
2197	11
2198	11
2199	11
2200	11
2201	11
2202	11
2203	11
2204	11
2205	11
2206	11
2207	11
2208	11
2209	11
2210	11
2211	11
2212	11
2213	11
2214	11
2215	11
2216	11
2217	11
2218	11
2219	11
2220	11
2221	11
2222	11
2223	11
2224	11
2225	11
2226	11
2227	11
2228	11
2229	11
2230	11
2231	11
2232	11
2233	11
2234	11
2235	11
2236	11
2237	11
2238	11
2239	11
2240	11
2241	11
2242	11
2243	11
2244	11
2245	11
2246	11
2247	11
2248	11
2249	11
2250	11
2251	11
2252	11
2253	11
2254	11
2255	11
2256	11
2257	11
2258	11
2259	11
2260	11
2261	11
2262	11
2263	11
2264	11
2265	11
2266	11
2267	11
2268	11
2269	11
2270	11
2271	11
2272	11
2273	11
2274	11
2275	11
2276	11
2277	11
2278	11
2279	11
2280	11
2281	11
2282	11
2283	11
2284	11
2285	11
2286	11
2287	11
2288	11
2289	11
2290	11
2291	11
2292	12
2293	12
2294	12
2295	12
2296	12
2297	12
2298	12
2299	12
2300	12
2301	12
2302	12
2303	12
2304	12
2305	12
2306	12
2307	12
2308	12
2309	12
2310	12
2311	12
2312	12
2313	12
2314	12
2315	12
2316	12
2317	12
2318	12
2319	12
2320	12
2321	12
2322	6
2323	6
2324	6
2325	6
2326	6
2327	6
2328	6
2329	6
2330	6
2331	6
2332	6
2333	6
2334	6
2335	6
2336	6
2337	6
2338	6
2339	6
2340	6
2341	6
2342	6
2343	6
2344	6
2345	6
2346	6
2347	3
2348	3
2349	2
2350	2
2351	2
2352	2
2353	2
2354	2
2355	2
2356	2
2357	2
2358	2
2359	2
2360	2
2361	2
2362	2
2363	2
2364	2
2365	2
2366	2
2367	2
2368	2
2369	2
2370	2
2371	2
2372	2
2373	2
2374	2
2375	2
2376	2
2377	2
2378	2
2379	2
2380	2
2381	2
2382	2
2383	2
2384	2
2385	2
2386	2
2387	2
2388	2
2389	2
2390	2
2391	2
2392	2
2393	2
2394	2
2395	2
2396	2
2397	2
2398	2
2399	2
2400	2
2401	2
2402	2
2403	2
2404	2
2405	2
2406	2
2407	2
2408	2
2409	2
2410	2
2411	2
2412	2
2413	2
2414	2
2415	2
2416	2
2417	2
2418	2
2419	2
2420	2
2421	2
2422	2
2423	2
2424	2
2425	2
2426	2
2427	2
2428	2
2429	2
2430	2
2431	2
2432	2
2433	2
2434	2
2435	12
2436	12
2437	12
2438	12
2439	12
2440	12
2441	12
2442	12
2443	12
2444	12
2445	12
2446	12
2447	12
2448	12
2449	12
2450	12
2451	12
2452	12
2453	12
2454	12
2455	12
2456	12
2457	12
2458	12
2459	12
2460	12
2461	12
2462	12
2463	12
2464	12
2465	12
2466	12
2467	12
2468	12
2469	12
2470	12
2471	12
2472	12
2473	12
2474	12
2475	12
2476	12
2477	12
2478	12
2479	2
2480	2
2481	2
2482	2
2483	2
2484	2
2485	2
2486	2
2487	2
2488	2
2489	2
2490	2
2491	2
2492	2
2493	2
2494	2
2495	2
2496	2
2497	2
2498	2
2499	2
2500	2
2501	2
2502	2
2503	2
2504	2
2505	2
2506	2
2507	2
2508	2
2509	2
2510	2
2511	2
2512	2
2513	2
2514	2
2515	2
2516	2
2517	2
2518	2
2519	2
2520	2
2521	2
2522	2
2523	2
2524	2
2525	2
2526	2
2527	2
2528	2
2529	2
2530	2
2531	2
2532	2
2533	2
2534	2
2535	2
2536	2
2537	2
2538	2
2539	2
2540	2
2541	2
2542	2
2543	2
2544	2
2545	2
2546	2
2547	2
2548	2
2549	2
2550	2
2551	6
2552	6
2553	3
2554	3
2555	12
2556	12
2557	12
2558	12
2559	12
2560	12
2561	12
2562	12
2563	12
2564	12
2565	12
2566	12
2567	12
2568	12
2569	12
2570	12
2571	12
2572	12
2573	12
2574	12
2575	12
2576	12
2577	12
2578	12
2579	12
2580	12
2581	12
2582	12
2583	12
2584	12
2585	12
2586	12
2587	12
2588	12
2589	12
2590	12
2591	12
2592	12
2593	12
2594	12
2595	12
2596	12
2597	12
2598	12
2599	12
2600	12
2601	12
2602	12
2603	12
2604	12
2605	12
2606	12
2607	12
2608	12
2609	12
2610	12
2611	12
2612	12
2613	12
2614	12
2615	12
2616	12
2617	12
2618	12
2619	12
2620	12
2621	12
2622	3
2623	3
2624	3
2625	3
2626	3
2627	3
2628	3
2629	3
2630	3
2631	3
2632	3
2633	3
2634	3
2635	3
2636	3
2637	3
2638	3
2639	3
2640	3
2641	3
2642	3
2643	3
2644	3
2645	3
2646	3
2647	3
2648	3
2649	6
2650	6
2651	6
2652	6
2653	6
2654	6
2655	6
2656	6
2657	6
2658	6
2659	6
2660	6
2661	6
2662	6
2663	6
2664	6
2665	6
2666	6
2667	6
2668	6
2669	6
2670	6
2671	6
2672	6
2673	6
2674	6
2675	6
2676	6
2677	6
2678	6
2679	6
2680	6
2681	6
2682	6
2683	6
2684	6
2685	6
2686	6
2687	6
2688	6
2689	6
2690	6
2691	6
2692	6
2693	6
2694	6
2695	6
2696	6
2697	6
2698	6
2699	6
2700	6
2701	6
2702	6
2703	6
2704	6
2705	6
2706	6
2707	6
2708	6
2709	6
2710	6
2711	6
2712	6
2713	6
2714	6
2715	6
2716	6
2717	6
2718	6
2719	6
2720	6
2721	6
2722	6
2723	6
2724	6
2725	6
2726	6
2727	6
2728	6
2729	6
2730	6
2731	6
2732	6
2733	6
2734	6
2735	6
2736	6
2737	6
2738	6
2739	6
2740	6
2741	6
2742	6
2743	6
2744	6
2745	6
2746	6
2747	6
2748	6
2749	6
2750	6
2751	6
2752	6
2753	6
2754	6
2755	6
2756	6
2757	6
2758	6
2759	6
2760	6
2761	6
2762	6
2763	6
2764	6
2765	6
2766	6
2767	6
2768	6
2769	6
2770	6
2771	6
2772	6
2773	6
2774	6
2775	6
2776	12
2777	12
2778	12
2779	12
2780	12
2781	12
2782	12
2783	12
2784	12
2785	12
2786	12
2787	12
2788	12
2789	12
2790	12
2791	12
2792	12
2793	12
2794	12
2795	12
2796	12
2797	12
2798	12
2799	12
2800	12
2801	12
2802	12
2803	12
2804	12
2805	12
2806	12
2807	12
2808	12
2809	12
2810	12
2811	12
2812	12
2813	12
2814	12
2815	12
2816	12
2817	12
2818	12
2819	12
2820	12
2821	12
2822	12
2823	12
2824	12
2825	12
2826	12
2827	12
2828	12
2829	12
2830	12
2831	12
2832	2
2833	2
2834	2
2835	2
2836	2
2837	2
2838	2
2839	2
2840	2
2841	2
2842	2
2843	2
2844	2
2845	2
2846	2
2847	2
2848	2
2849	2
2850	2
2851	2
2852	2
2853	2
2854	2
2855	2
2856	2
2857	2
2858	2
2859	2
2860	2
2861	2
2862	2
2863	2
2864	2
2865	2
2866	2
2867	2
2868	2
2869	2
2870	2
2871	2
2872	2
2873	2
2874	2
2875	2
2876	2
2877	2
2878	2
2879	2
2880	2
2881	2
2882	6
2883	6
2884	6
2885	6
2886	6
2887	6
2888	6
2889	6
2890	6
2891	6
2892	6
2893	6
2894	6
2895	6
2896	6
2897	6
2898	6
2899	6
2900	6
2901	6
2902	6
2903	6
2904	6
2905	5
2906	5
2907	5
2908	5
2909	5
2910	5
2911	5
2912	5
2913	5
2914	5
2915	5
2916	5
2917	5
2918	5
2919	5
2920	5
2921	5
2922	5
2923	5
2924	5
2925	5
2926	5
2927	5
2928	5
2929	5
2930	5
2931	5
2932	5
2933	5
2934	5
2935	5
2936	5
2937	5
2938	5
2939	5
2940	12
2941	12
2942	12
2943	12
2944	12
2945	12
2946	12
2947	12
2948	12
2949	12
2950	12
2951	12
2952	12
2953	12
2954	12
2955	12
2956	12
2957	12
2958	12
2959	12
2960	12
2961	12
2962	12
2963	12
2964	12
2965	12
2966	12
2967	12
2968	12
2969	12
2970	12
2971	12
2972	12
2973	12
2974	12
2975	12
2976	12
2977	12
2978	12
2979	12
2980	12
2981	12
2982	12
2983	12
2984	2
2985	2
2986	2
2987	2
2988	2
2989	2
2990	2
2991	2
2992	2
2993	2
2994	2
2995	2
2996	2
2997	2
2998	2
2999	2
3000	2
3001	2
3002	2
3003	2
3004	2
3005	2
3006	2
3007	2
3008	2
3009	2
3010	2
3011	2
3012	2
3013	2
3014	2
3015	2
3016	2
3017	2
3018	2
3019	2
3020	2
3021	2
3022	2
3023	2
3024	2
3025	2
3026	2
3027	2
3028	2
3029	2
3030	2
3031	2
3032	2
3033	2
3034	2
3035	2
3036	2
3037	2
3038	2
3039	2
3040	2
3041	2
3042	2
3043	2
3044	2
3045	2
3046	2
3047	2
3048	2
3049	2
3050	2
3051	2
3052	2
3053	2
3054	2
3055	2
3056	2
3057	2
3058	2
3059	2
3060	2
3061	2
3062	2
3063	2
3064	2
3065	2
3066	2
3067	2
3068	2
3069	2
3070	2
3071	2
3072	2
3073	2
3074	2
3075	2
3076	2
3077	2
3078	2
3079	2
3080	2
3081	2
3082	2
3083	2
3084	2
3085	2
3086	2
3087	2
3088	2
3089	2
3090	2
3091	2
3092	2
3093	2
3094	2
3095	2
3096	2
3097	2
3098	2
3099	2
3100	2
3101	2
3102	2
3103	2
3104	2
3105	2
3106	2
3107	2
3108	2
3109	2
3110	2
3111	2
3112	2
3113	2
3114	2
3115	2
3116	2
3117	2
3118	2
3119	2
3120	2
3121	2
3122	2
3123	12
3124	12
3125	12
3126	12
3127	12
3128	12
3129	12
3130	12
3131	1
3132	1
3133	1
3134	1
3135	11
3136	6
3137	6
3138	6
3139	6
3140	6
3141	6
3142	6
3143	6
3144	6
3145	6
3146	6
3147	6
3148	6
3149	6
3150	6
3151	6
3152	6
3153	6
3154	6
3155	6
3156	6
3157	6
3158	6
3159	6
3160	6
3161	6
3162	6
3163	6
3164	6
3165	6
3166	6
3167	6
3168	6
3169	6
3170	6
3171	6
3172	6
3173	6
3174	6
3175	6
3176	6
3177	6
3178	6
3179	6
3180	6
3181	6
3182	6
3183	6
3184	6
3185	6
3186	6
3187	6
3188	6
3189	6
3190	6
3191	6
3192	6
3193	6
3194	6
3195	6
3196	6
3197	6
3198	6
3199	6
3200	6
3201	6
3202	6
3203	6
3204	6
3205	6
3206	6
3207	6
3208	6
3209	6
3210	6
3211	6
3212	6
3213	6
3214	6
3215	6
3216	6
3217	6
3218	6
3219	6
3220	6
3221	6
3222	6
3223	6
3224	6
3225	6
3226	6
3227	6
3228	6
3229	6
3230	6
3231	6
3232	6
3233	6
3234	6
3235	6
3236	6
3237	6
3238	6
3239	6
3240	6
3241	6
3242	6
3243	6
3244	6
3245	6
3246	6
3247	6
3248	6
3249	6
3250	6
3251	6
3252	6
3253	6
3254	6
3255	6
3256	6
3257	6
3258	6
3259	6
3260	6
3261	6
3262	6
3263	6
3264	6
3265	6
3266	6
3267	6
3268	6
3269	6
3270	6
3271	6
3272	6
3273	6
3274	6
3275	6
3276	6
3277	6
3278	12
3279	12
3280	12
3281	12
3282	12
3283	12
3284	12
3285	12
3286	12
3287	12
3288	12
3289	12
3290	12
3291	12
3292	12
3293	12
3294	12
3295	12
3296	12
3297	12
3298	12
3299	12
3300	12
3301	12
3302	12
3303	1
3304	1
3305	1
3306	1
3307	1
3308	1
3309	1
3310	1
3311	1
3312	1
3313	1
3314	1
3315	1
3316	1
3317	1
3318	1
3319	1
3320	1
3321	1
3322	1
3323	1
3324	1
3325	1
3326	1
3327	2
3328	2
3329	2
3330	2
3331	2
3332	2
3333	2
3334	2
3335	2
3336	2
3337	2
3338	2
3339	2
3340	2
3341	2
3342	2
3343	2
3344	2
3345	2
3346	2
3347	2
3348	2
3349	2
3350	2
3351	2
3352	2
3353	2
3354	2
3355	2
3356	2
3357	2
3358	2
3359	2
3360	2
3361	2
3362	2
3363	2
3364	2
3365	2
3366	2
3367	2
3368	2
3369	2
3370	2
3371	2
3372	3
3373	3
3374	3
3375	3
3376	3
3377	3
3378	3
3379	3
3380	3
3381	3
3382	1
3383	1
3384	1
3385	1
3386	1
3387	1
3388	1
3389	11
3390	11
3391	11
3392	11
3393	11
3394	11
3395	6
3396	6
3397	6
3398	6
3399	6
3400	6
3401	6
3402	6
3403	6
3404	6
3405	6
3406	6
3407	6
3408	6
3409	6
3410	6
3411	6
3412	6
3413	6
3414	6
3415	6
3416	6
3417	6
3418	6
3419	6
3420	6
3421	6
3422	6
3423	6
3424	6
3425	6
3426	6
3427	6
3428	6
3429	6
3430	6
3431	6
3432	6
3433	6
3434	6
3435	6
3436	6
3437	6
3438	6
3439	6
3440	6
3441	6
3442	6
3443	6
3444	6
3445	6
3446	6
3447	6
3448	6
3449	6
3450	6
3451	6
3452	6
3453	6
3454	6
3455	6
3456	6
3457	6
3458	6
3459	6
3460	6
3461	6
3462	6
3463	6
3464	6
3465	6
3466	3
3467	3
3468	3
3469	3
3470	3
3471	3
3472	3
3473	3
3474	3
3475	3
3476	3
3477	3
3478	3
3479	3
3480	11
3481	11
3482	11
3483	3
3484	3
3485	3
3486	3
3487	3
3488	3
3489	3
3490	3
3491	3
3492	3
3493	3
3494	3
3495	3
3496	3
3497	3
3498	3
3499	3
3500	3
3501	3
3502	3
3503	3
3504	3
3505	3
3506	3
3507	3
3508	3
3509	3
3510	3
3511	3
3512	3
3513	3
3514	3
3515	3
3516	3
3517	3
3518	3
3519	3
3520	5
3521	5
3522	5
3523	5
3524	5
3525	5
3526	5
3527	5
3528	5
3529	5
3530	5
3531	5
3532	5
3533	5
3534	5
3535	5
3536	5
3537	5
3538	5
3539	5
3540	5
3541	5
3542	5
3543	5
3544	5
3545	5
3546	5
3547	5
3548	5
3549	5
3550	5
3551	5
3552	5
3553	5
3554	5
3555	5
3556	5
3557	5
3558	5
3559	5
3560	5
3561	5
3562	5
3563	5
3564	5
3565	5
3566	5
3567	5
3568	5
3569	5
3570	5
3571	5
3572	5
3573	5
3574	5
3575	5
3576	5
3577	5
3578	5
3579	5
3580	5
3581	5
3582	5
3583	5
3584	5
3585	5
3586	5
3587	5
3588	5
3589	5
3590	5
3591	5
3592	5
3593	5
3594	5
3595	5
3596	5
3597	5
3598	5
3599	5
3600	5
3601	5
3602	5
3603	5
3604	5
3605	5
3606	5
3607	5
3608	5
3609	5
3610	5
3611	5
3612	5
3613	5
3614	5
3615	5
3616	5
3617	5
3618	5
3619	5
3620	5
3621	5
3622	5
3623	5
3624	5
3625	5
3626	5
3627	5
3628	5
3629	5
3630	5
3631	5
3632	5
3633	5
3634	5
3635	5
3636	5
3637	5
3638	5
3639	5
3640	5
3641	5
3642	5
3643	5
3644	5
3645	5
3646	5
3647	5
3648	5
3649	5
3650	5
3651	5
3652	5
3653	1
3654	1
3655	1
3656	1
3657	1
3658	1
3659	5
3660	5
3661	5
3662	5
3663	5
3664	5
3665	5
3666	5
3667	5
3668	5
3669	5
3670	5
3671	5
3672	5
3673	5
3674	5
3675	5
3676	5
3677	5
3678	5
3679	5
3680	5
3681	5
3682	5
3683	5
3684	5
3685	5
3686	5
3687	5
3688	5
3689	5
3690	5
3691	5
3692	5
3693	5
3694	5
3695	5
3696	5
3697	5
3698	5
3699	5
3700	5
3701	5
3702	5
3703	5
3704	5
3705	5
3706	5
3707	5
3708	5
3709	5
3710	5
3711	5
3712	5
3713	5
3714	5
3715	5
3716	5
3717	5
3718	5
3719	5
3720	5
3721	5
3722	5
3723	5
3724	5
3725	5
3726	5
3727	5
3728	5
3729	5
3730	5
3731	5
3732	5
3733	5
3734	5
3735	5
3736	5
3737	5
3738	5
3739	5
3740	5
3741	5
3742	5
3743	5
3744	5
3745	5
3746	5
3747	5
3748	5
3749	5
3750	5
3751	5
3752	5
3753	5
3754	5
3755	5
3756	5
3757	5
3758	5
3759	5
3760	5
3761	5
3762	5
3763	6
3764	6
3765	6
3766	6
3767	6
3768	6
3769	6
3770	6
3771	6
3772	6
3773	6
3774	6
3775	6
3776	6
3777	6
3778	5
3779	5
3780	5
3781	5
3782	6
3783	6
3784	6
3785	6
3786	6
3787	6
3788	6
3789	6
3790	6
3791	6
3792	6
3793	6
3794	6
3795	6
3796	6
3797	6
3798	6
3799	6
3800	6
3801	6
3802	6
3803	6
3804	6
3805	6
3806	6
3807	6
3808	6
3809	6
3810	6
3811	6
3812	6
3813	6
3814	6
3815	6
3816	6
3817	6
3818	6
3819	6
3820	6
3821	6
3822	12
3823	12
3824	12
3825	12
3826	12
3827	12
3828	12
3829	12
3830	12
3831	12
3832	12
3833	12
3834	12
3835	12
3836	12
3837	12
3838	12
3839	12
3840	12
3841	12
3842	12
3843	12
3844	12
3845	12
3846	12
3847	12
3848	12
3849	12
3850	12
3851	12
3852	12
3853	12
3854	12
3855	12
3856	12
3857	12
3858	12
3859	12
3860	12
3861	12
3862	12
3863	12
3864	12
3865	12
3866	12
3867	12
3868	12
3869	12
3870	12
3871	12
3872	12
3873	12
3874	12
3875	12
3876	12
3877	12
3878	12
3879	12
3880	12
3881	12
3882	12
3883	12
3884	12
3885	12
3886	12
3887	12
3888	12
3889	12
3890	12
3891	12
3892	12
3893	12
3894	12
3895	12
3896	12
3897	12
3898	12
3899	12
3900	3
3901	3
3902	3
3903	3
3904	3
3905	3
3906	3
3907	3
3908	3
3909	3
3910	3
3911	3
3912	3
3913	3
3914	3
3915	3
3916	3
3917	3
3918	3
3919	3
3920	3
3921	3
3922	3
3923	3
3924	3
3925	3
3926	3
3927	3
3928	3
3929	3
3930	3
3931	5
3932	5
3933	5
3934	5
3935	5
3936	5
3937	5
3938	5
3939	2
3940	2
3941	2
3942	2
3943	2
3944	2
3945	2
3946	2
3947	2
3948	2
3949	2
3950	2
3951	2
3952	2
3953	2
3954	2
3955	2
3956	2
3957	2
3958	2
3959	2
3960	2
3961	2
3962	2
3963	2
3964	2
3965	2
3966	2
3967	2
3968	2
3969	2
3970	2
3971	2
3972	2
3973	2
3974	2
3975	2
3976	2
3977	2
3978	2
3979	2
3980	2
3981	2
3982	2
3983	2
3984	2
3985	2
3986	2
3987	2
3988	2
3989	2
3990	2
3991	2
3992	2
3993	2
3994	2
3995	2
3996	2
3997	2
3998	2
3999	2
4000	2
4001	2
4002	2
4003	2
4004	2
4005	2
4006	2
4007	2
4008	2
4009	2
4010	2
4011	11
4012	11
4013	11
4014	11
4015	11
4016	11
4017	11
4018	11
4019	11
4020	11
4021	11
4022	11
4023	11
4024	12
4025	12
4026	12
4027	12
4028	12
4029	12
4030	12
4031	12
4032	12
4033	12
4034	12
4035	12
4036	12
4037	12
4038	12
4039	12
4040	12
4041	1
4042	1
4043	1
4044	1
4045	1
4046	1
4047	1
4048	1
4049	1
4050	1
4051	1
4052	1
4053	1
4054	1
4055	1
4056	1
4057	1
4058	1
4059	1
4060	1
4061	1
4062	1
4063	1
4064	1
4065	1
4066	1
4067	1
4068	1
4069	1
4070	3
4071	3
4072	3
4073	3
4074	3
4075	3
4076	3
4077	3
4078	3
4079	3
4080	3
4081	3
4082	3
4083	3
4084	3
4085	3
4086	3
4087	3
4088	3
4089	3
4090	3
4091	3
4092	3
4093	3
4094	3
4095	5
4096	5
4097	5
4098	5
4099	5
4100	5
4101	5
4102	5
4103	5
4104	5
4105	5
4106	5
4107	5
4108	5
4109	11
4110	6
4111	6
4112	6
4113	6
4114	6
4115	6
4116	6
4117	6
4118	6
4119	11
4120	11
4121	11
4122	11
4123	11
4124	11
4125	11
4126	2
4127	2
4128	2
4129	2
4130	2
4131	2
4132	2
4133	2
4134	2
4135	2
4136	2
4137	2
4138	2
4139	2
4140	2
4141	2
4142	2
4143	2
4144	2
4145	2
4146	2
4147	2
4148	2
4149	2
4150	2
4151	2
4152	2
4153	2
4154	2
4155	2
4156	2
4157	2
4158	2
4159	2
4160	2
4161	2
4162	2
4163	2
4164	2
4165	2
4166	2
4167	2
4168	2
4169	2
4170	2
4171	2
4172	2
4173	2
4174	2
4175	2
4176	2
4177	2
4178	2
4179	2
4180	2
4181	2
4182	2
4183	2
4184	2
4185	2
4186	2
4187	2
4188	2
4189	2
4190	2
4191	2
4192	2
4193	2
4194	2
4195	2
4196	2
4197	2
4198	2
4199	2
4200	2
4201	2
4202	2
4203	2
4204	2
4205	2
4206	2
4207	2
4208	2
4209	1
4210	12
4211	12
4212	12
4213	12
4214	12
4215	1
4216	1
4217	2
4218	2
4219	2
4220	2
4221	2
4222	2
4223	2
4224	2
4225	2
4226	2
4227	2
4228	2
4229	2
4230	2
4231	2
4232	2
4233	2
4234	2
4235	2
4236	2
4237	2
4238	2
4239	2
4240	2
4241	2
4242	2
4243	2
4244	2
4245	2
4246	2
4247	2
4248	2
4249	2
4250	2
4251	2
4252	2
4253	2
4254	2
4255	2
4256	2
4257	2
4258	2
4259	2
4260	2
4261	2
4262	2
4263	2
4264	2
4265	2
4266	2
4267	2
4268	2
4269	2
4270	2
4271	12
4272	12
4273	12
4274	11
4275	11
4276	11
4277	11
4278	11
4279	11
4280	11
4281	11
4282	11
4283	11
4284	11
4285	11
4286	11
4287	11
4288	11
4289	11
4290	11
4291	11
4292	11
4293	12
4294	12
4295	12
4296	12
4297	12
4298	12
4299	12
4300	12
4301	12
4302	12
4303	12
4304	12
4305	12
4306	12
4307	12
4308	12
4309	12
4310	12
4311	12
4312	12
4313	12
4314	12
4315	6
4316	6
4317	6
4318	6
4319	2
4320	2
4321	2
4322	2
4323	2
4324	2
4325	2
4326	2
4327	2
4328	2
4329	2
4330	2
4331	2
4332	2
4333	2
4334	2
4335	2
4336	2
4337	2
4338	2
4339	2
4340	2
4341	2
4342	2
4343	2
4344	2
4345	2
4346	2
4347	2
4348	2
4349	2
4350	2
4351	2
4352	2
4353	2
4354	12
4355	12
4356	12
4357	12
4358	12
4359	12
4360	12
4361	12
4362	12
4363	12
4364	12
4365	12
4366	12
4367	12
4368	12
4369	12
4370	12
4371	12
4372	12
4373	12
4374	12
4375	12
4376	12
4377	12
4378	12
4379	12
4380	12
4381	12
4382	12
4383	12
4384	12
4385	12
4386	12
4387	12
4388	3
4389	3
4390	3
4391	3
4392	3
4393	3
4394	3
4395	3
4396	3
4397	3
4398	3
4399	3
4400	3
4401	3
4402	3
4403	3
4404	11
4405	11
4406	11
4407	11
4408	11
4409	11
4410	11
4411	11
4412	11
4413	11
4414	11
4415	11
4416	5
4417	1
4418	1
4419	1
4420	1
4421	1
4422	1
4423	1
4424	1
4425	1
4426	1
4427	1
4428	1
4429	1
4430	1
4431	1
4432	1
4433	1
4434	1
4435	12
4436	12
4437	12
4438	12
4439	12
4440	12
4441	12
4442	12
4443	12
4444	12
4445	12
4446	12
4447	12
4448	12
4449	12
4450	12
4451	1
4452	1
4453	1
4454	1
4455	1
4456	1
4457	1
4458	1
4459	1
4460	1
4461	1
4462	3
4463	3
4464	3
4465	3
4466	3
4467	3
4468	3
4469	3
4470	3
4471	3
4472	3
4473	3
4474	3
4475	3
4476	3
4477	3
4478	3
4479	3
4480	3
4481	3
4482	3
4483	3
4484	3
4485	3
4486	3
4487	3
4488	3
4489	11
4490	11
4491	11
4492	11
4493	1
4494	1
4495	1
4496	1
4497	1
4498	1
4499	1
4500	1
4501	1
4502	1
4503	1
4504	2
4505	2
4506	2
4507	2
4508	2
4509	2
4510	2
4511	2
4512	2
4513	2
4514	2
4515	2
4516	2
4517	2
4518	2
4519	2
4520	2
4521	1
4522	1
4523	1
4524	1
4525	1
4526	1
4527	1
4528	1
4529	1
4530	1
4531	12
4532	5
4533	5
4534	5
4535	5
4536	5
4537	5
4538	5
4539	5
4540	2
4541	1
4542	5
4543	5
4544	5
4545	8
4546	8
4547	1
4548	1
4549	12
4550	12
4551	12
4552	12
4553	12
4554	12
4555	12
